2014	智取威虎山	12	8.83
2014	匆匆那年	12	5.88
2014	一步之遥	12	5.13
2014	微爱之渐入佳境	12	2.84
2014	太平轮上	12	1.95
2014	我的早更女友	12	1.61
2014	十万个冷笑话	12	1.19
2015	捉妖记	7	24.36
2015	寻龙诀	12	16.79
2015	港囧	9	16.11
2015	夏洛特烦恼	9	14.44
2015	煎饼侠	7	11.6
2015	澳门风云2	2	9.72
2015	西游记之大圣归来	7	9.54
2015	老炮儿	12	9.01
2015	唐人街探案	12	8.23
2015	天将雄师	2	7.42
2015	狼图腾	2	7
2015	九层妖塔	9	6.81
2015	恶棍天使	12	6.48
2015	杀破狼2	6	5.59
2015	战狼	4	5.44
2015	滚蛋吧肿瘤君	8	5.1
2015	小时代4灵魂尽头	7	4.88
2015	左耳	4	4.84
2015	百团大战	8	4.09
2015	钟馗伏魔雪妖魔灵	2	4.07
2015	道士下山	7	4
2015	栀子花开	7	3.78
2015	重返20岁	1	3.64
2015	何以笙箫默	4	3.52
2015	万万没想到	12	3.22
2015	横冲直撞好莱坞	6	3.21
2015	烈日灼心	8	3.03
2015	熊出没之雪岭雄风	1	2.94
2015	咱们结婚吧	4	2.84
2015	有一个地方只有我们知道	2	2.8
2015	前任2备胎反击战	11	2.51
2015	失孤	3	2.15
2015	我是证人	10	2.14
2015	赤道	4	2.09
2015	解救吴先生	9	1.95
2015	新娘大作战	8	1.73
2015	怦然星动	12	1.59
2015	冲上云霄	2	1.55
2015	谜城	7	1.48
2015	万物生长	4	1.48
2015	破风	8	1.45
2015	王朝的女人杨贵妃	7	1.33
2015	不可思异	12	1.11
2016	美人鱼	2	33.91
2016	西游记之孙悟空三打白骨精	2	11.98
2016	湄公河行动	9	11.86
2016	长城	12	11.73
2016	澳门风云3	2	11.61
2016	盗墓笔记	8	10.03
2016	功夫熊猫3	1	10.02
2016	绝地逃亡	7	8.87
2016	从你的全世界路过	9	8.13
2016	北京遇上西雅图之不二情书	4	7.85
2016	叶问3	3	7.69
2016	铁道飞虎	12	6.99
2016	寒战2	7	6.76
2016	情圣	12	6.57
2016	使徒行者	8	6.05
2016	大鱼海棠	7	5.73
2016	我不是潘金莲	11	4.82
2016	摆渡人	12	4.82
2016	爵迹	9	3.82
2016	火锅英雄	4	3.69
2016	大话西游3	9	3.65
2016	致青春原来你还在这里	7	3.36
2016	我的特工爷爷	4	3.23
2016	熊出没之熊心归来	1	2.87
2016	封神传奇	7	2.83
2016	微微一笑很倾城	8	2.75
2016	王牌逗王牌	9	2.6
2016	卧虎藏龙青冥宝剑	2	2.55
2016	赏金猎人	7	2.13
2016	反贪风暴2	9	2.08
2016	陆垚知马俐	7	1.91
2016	谁的青春不迷茫	4	1.79
2016	驴得水	10	1.72
2016	危城	8	1.67
2016	七月与安生	9	1.66
2016	夏有乔木雅望天堂	8	1.56
2016	追凶者也	9	1.35
2016	高跟鞋先生	2	1.29
2016	28岁未成年	12	1.29
2016	睡在我上铺的兄弟	4	1.27
2016	罗曼蒂克消亡史	12	1.22
2016	惊破天	10	1.14
2016	三少爷的剑	12	1
2016	三人行	6	1
2017	战狼2	7	56.94
2017	羞羞的铁拳	9	22.13
2017	前任3再见前任	12	19.41
2017	功夫瑜伽	1	17.48
2017	西游伏妖篇	1	16.52
2017	芳华	12	14.22
2017	乘风破浪	1	10.46
2017	大闹天竺	1	7.56
2017	悟空传	7	6.69
2017	追龙	9	5.77
2017	英伦对决	9	5.39
2017	三生三世十里桃花	8	5.35
2017	妖猫传	12	5.3
2017	杀破狼贪狼	8	5.22
2017	熊出没奇幻空间	1	5.21
2017	缝纫机乐队	9	4.59
2017	建国大业	7	4.07
2017	嫌疑人X的献身	3	4.01
2017	拆弹专家	4	4
2017	妖铃铃	12	3.63
2017	空天猎	9	3.19
2017	机器之血	12	3.05
2017	心理罪	8	3.04
2017	奇门遁甲	12	2.99
2017	记忆大师	4	2.92
2017	二代妖精之今生有幸	12	2.92
2017	绣春刀2修罗战场	7	2.65
2017	侠盗联盟	8	2.37
2017	心理罪之城市之光	12	2.24
2017	解忧杂货铺	12	2.23
2017	京城81号2	7	2.19
2017	喜欢你	4	2.1
2017	逆时救援	6	2.01
2017	春娇救志明	4	1.75
2017	二十二	8	1.7
2017	非凡任务	3	1.56
2017	十万个冷笑话2	8	1.33
2017	父子雄兵	7	1.25
2017	傲娇与偏见	4	1.24
2017	决战食神	2	1.21
2017	鲛珠传	8	1.13
2017	十八洞村	10	1.07
2017	追捕	11	1.06
2017	东北往事之破马张飞	2	1.05
2017	七十七天	11	1.03
2017	游戏规则	2	1.02
2017	绝世高手	7	1.01
2017	冈仁波齐	6	1
2018	红海行动	2	36.52
2018	唐人街探案2	2	33.97
2018	我不是药神	7	31
2018	西红柿首富	7	25.47
2018	捉妖记2	2	22.37
2018	后来的我们	4	13.61
2018	一出好戏	8	13.55
2018	无双	9	12.73
2018	超时空同居	5	9.03
2018	无名之辈	11	7.94
2018	无问东西	1	7.54
2018	西游记女儿国	2	7.27
2018	来电狂响	12	6.41
2018	影	9	6.28
2018	狄仁杰之四大天王	7	6.06
2018	熊出没变形记	2	6.05
2018	李茶的姑妈	9	6.04
2018	邪不压正	7	5.83
2018	爱情公寓	8	5.55
2018	动物世界	6	5.09
2018	反贪风暴3	9	4.42
2018	快把我哥带走	8	3.75
2018	幕后玩家	4	3.58
2018	悲伤逆流成河	9	3.57
2018	黄金兄弟	9	3.17
2018	找到你	10	2.85
2018	地球最好的夜晚	12	2.85
2018	胖子行动队	9	2.61
2018	南极之恋	2	2.34
2018	猛虫过江	6	2.03
2018	祖宗十九代	2	1.69
2018	大头儿子小头爸爸3俄罗斯奇遇记	5	1.58
2018	欧洲攻略	8	1.53
2018	云南虫谷	12	1.5
2018	大师兄	8	1.46
2018	叶问外传张天志	12	1.31
2018	新乌龙院之笑傲江湖	8	1.3
2018	天气预报	12	1.23
2018	风语咒	8	1.12
2018	21克拉	4	1.1
2018	神秘世界历险记4	8	1.04
2018	幸福马上来	6	1.01
2018	浴血广昌	8	1
2019	哪吒之魔童降世	7	50.35
2019	流浪地球	2	46.87
2019	我和我的祖国	9	31.7
2019	中国机长	9	29.13
2019	疯狂的外星人	2	22.13
2019	飞驰人生	2	17.28
2019	烈火英雄	8	17.06
2019	少年的你	10	15.58
2019	误杀	12	13.33
2019	扫毒2天地对决	7	13.12
2019	叶问4完结篇	12	11.81
2019	攀登者	9	11.04
2019	银河补习班	7	8.78
2019	反贪风暴4	4	7.99
2019	熊出没原始时代	2	7.17
2019	使徒行者2谍影行动	8	7.02
2019	宠爱	12	6.83
2019	新喜剧之王	2	6.27
2019	白蛇缘起	1	4.69
2019	最好的我们	6	4.17
2019	诛仙1	9	4.05
2019	大人物	1	3.8
2019	老师好	3	3.55
2019	罗小黑战记	9	3.15
2019	追龙2	6	3.09
2019	小小的愿望	9	2.86
2019	我为你牺牲	12	2.48
2019	大约在冬季	11	2.27
2019	两只老虎	11	2.24
2019	受益人	11	2.19
2019	南方车站的聚会	12	2.02
2019	半个喜剧	12	1.88
2019	沉默的证人	8	1.81
2019	一吻定情	2	1.73
2019	天火	12	1.7
2019	神探蒲松龄	2	1.6
2019	只有芸知道	12	1.59
2019	下一任前任	5	1.39
2019	小猪佩奇过大年	2	1.25
2019	决胜时刻	9	1.24
2019	廉政风云	2	1.24
2019	上海堡垒	8	1.23
2019	小Q	9	1.13
2019	鼠胆英雄	8	1.01
2019	催眠裁决	10	1
2020	八佰	8	31.1
2020	我和我的家乡	10	28.29
2020	姜子牙	10	16.03
2020	送你一朵小红花	12	14.32
2020	拆弹专家2	12	13.14
2020	金刚川	10	11.27
2020	温暖的抱抱	12	8.64
2020	夺冠	9	8.36
2020	除暴	11	5.38
2020	我在时间尽头等你	8	5.05
2020	紧急救援	12	4.85
2020	晴雅集	12	4.51
2020	沐浴之王	12	4.04
2020	如果声音不记得	12	3.34
2020	一点就到家	10	3.12
2020	急先锋	9	2.94
2020	赤狐书生	12	1.85
2020	一秒钟	11	1.31
2020	喜宝	10	1.13
2021	长津湖	9	57.75
2021	你好李焕英	2	54.13
2021	唐人街探案3	2	45.23
2021	我和我的父辈	9	14.77
2021	怒火重案	7	13.29
2021	中国医生	7	13.28
2021	悬崖之上	4	11.91
2021	误杀2	12	11.21
2021	刺杀小说家	2	10.35
2021	穿过寒冬拥抱你	12	9.36
2021	扬名立万	11	9.26
2021	我的姐姐	4	8.6
2021	你的婚礼	4	8.22
2021	人潮汹涌	2	7.62
2021	反贪风暴5最终章	12	6.28
2021	熊出没狂野大陆	2	5.95
2021	白蛇2青蛇劫起	7	5.8
2021	1921	7	5.04
2021	新神榜哪吒重生	2	4.56
2021	峰爆	9	4.38
2021	古董局中局	12	4.29
2021	扫黑决战	5	4.05
2021	盛夏未来	7	3.86
2021	我要我们在一起	5	3.81
2021	侍神令	2	2.73
2021	爱情神话	12	2.6
2021	雄狮少年	12	2.49
2021	追虎擒龙	5	2.43
2021	门锁	11	2.42
2021	大红包	1	2.35
2021	以年为单位的恋爱	12	2.31
2021	秘密访客	5	2.14
2021	燃野少年的天空	7	1.61
2021	关于我妈的一切	9	1.5
2021	了不起的爸爸	6	1.48
2021	超越	6	1.42
2021	铁道英雄	11	1.42
2021	守岛人	6	1.38
2021	革命者	7	1.36
2021	西游记之再世妖王	4	1.14
2021	缉魂	1	1.11
2021	跨过鸭绿江	12	1.04
2022	长津湖之水门桥	2	40.67
2022	独行月球	7	31.03
2022	这个杀手不太冷静	2	26.27
2022	人生大事	6	17.13
2022	万里归途	9	15.93
2022	奇迹笨小孩	2	13.79
2022	熊出没重返地球	2	9.77
2022	神探大战	7	7.12
2022	明日战记	8	6.79
2022	阻击手	2	6.08
2022	新神榜杨戬	8	5.55
2022	哥你好	9	5.47
2022	四海	2	5.42
2022	李茂扮太子	1	4.62
2022	相见你	12	4.03
2022	绝望主夫	12	3.13
2022	断桥	8	2.32
2022	外太空的莫扎特	7	2.23
2022	平凡英雄	9	2.22
2022	扫黑行动	11	1.74
2022	十年一品温如言	2	1.67
2022	边缘行者	4	1.66
2022	我是真的讨厌异地恋	4	1.65
2022	喜羊羊与灰太狼之筐出未来	2	1.6
2022	暗恋橘生淮南	6	1.35
2022	一周的朋友	6	1.21
2022	好想去你的世界爱你	2	1.1
2022	隐入尘烟	7	1.09
2022	钢铁意志	9	1.03
2023	满江红	1	45.44
2023	流浪地球2	1	40.43
2023	孤注一掷	8	38.49
2023	消失的她	6	35.23
2023	封神第一部	7	26.36
2023	八角笼中	7	22.07
2023	长安三万里	7	18.24
2023	熊出没伴我熊芯	1	14.95
2023	坚如磐石	9	13.51
2023	年会不能停	12	12.92
2023	人生路不熟	4	11.84
2023	前任4英年早婚	9	10.12
2023	热烈	4	9.33
2023	无名	1	9.31
2023	深海	1	9.19
2023	志愿军雄兵出击	9	8.68
2023	长空之王	4	8.5
2023	三大队	12	7.05
2023	一闪一闪亮晶晶	12	7.02
2023	保你平安	3	7
2023	莫斯科行动	9	6.64
2023	学爸	8	6.14
2023	金手指	12	5.74
2023	拯救嫌疑人	11	5.69
2023	涉过愤怒的海	11	5.49
2023	第八个嫌疑人	9	4.39
2023	我爱你	6	4.27
2023	交换人生	1	3.93
2023	潜行	12	3.9
2023	茶啊二中	7	3.84
2023	河边的错误	10	3.09
2023	这么多年	4	3.01
2023	超能一家人	7	3
2023	忠犬八公	3	2.86
2023	扫毒3人在天涯	7	2.84
2023	照明商店	12	2.75
2023	再见李可乐	12	2.42
2023	怒潮	12	2.29
2023	龙马精神	4	2.1
2023	回廊亭	3	2.05
2023	毒蛇律师	2	1.87
2023	我经历过风暴	8	1.8
2023	好像也没那么热血沸腾	9	1.75
2023	瞒天过海	12	1.66
2023	无价之宝	11	1.37
2023	二手杰作	10	1.15
2023	非诚勿扰3	12	1.02
2023	中国乒乓之绝地反击	2	1
2023	我本是高山	11	1
2023	爆裂点	12	1
2024	热辣滚烫	2	34.17
2024	飞驰人生2	2	33.61
2024	抓娃娃	7	33.27
2024	第二十条	2	24.29
2024	熊出没逆转时空	2	19.84
2024	默杀	7	13.51
2024	志愿军存亡之战	9	12.06
2024	误杀3	12	9.33
2024	末路狂花钱	5	7.81
2024	小小的我	12	7.65
2024	好东西	11	7.21
2024	九龙城寨之围城	5	6.86
2024	维和防暴队	5	5.11
2024	云边有个小卖部	6	4.98
2024	重生	8	4.64
2024	欲火之路	10	4.61
2024	骗骗喜欢你	12	4.45
2024	白蛇浮生	8	4.25
2024	749局	10	3.75
2024	逆行人生	8	3.59
2024	解密	8	3.34
2024	熊猫计划	10	3.07
2024	危机航线	9	3
2024	我们一起摇太阳	3	2.74
2024	误判	12	2.7
2024	焚城	11	2.58
2024	野孩子	9	2.41
2024	临时劫案	1	2.37
2024	被我弄丢的你	3	2.11
2024	胜券在握	11	2.04
2024	我才不要和你做朋友呢	6	2.04
2024	扫黑决不放弃	6	1.92
2024	逆麟	8	1.75
2024	谈判专家	6	1.56
2024	乔妍的心事	10	1.51
2024	刺猬	8	1.44
2024	鸳鸯楼惊魂	10	1.3
2024	海关战线	6	1.29
2024	出走的决心	9	1.24
2024	草木人间	4	1.21
2024	异人之下	7	1.18
2024	那个不为人知的故事	11	1.13
2024	从21世纪安全撤离	8	1.12
2024	动物园里有什么	1	1.08
2024	走走停停	6	1.02
2024	孤星计划	12	1.02
2024	黄雀在后	4	1.01
2024	灿烂的她	3	1
2025	哪吒之魔童闹海	1	154.46
2025	唐探1900	1	36.12
2025	封神第二部	1	12.38
2025	熊出没重启未来	1	8.21
2025	射雕英雄传侠之大者	1	6.89
2025	水饺皇后	4	4.19
2025	蛟龙行动	1	3.93
2025	酱园弄悬案	6	3.59
2025	猎金游戏	5	2.98
2025	向阳花	4	2.3
2025	时间之子	5	1.87
2025	不说话的爱	4	1.44
2025	人生开门红	5	1.39